image: map_office.pgm
resolution: 0.050000
origin: [-12.977618, -6.963528, 0.000000]
negate: 0
occupied_thresh: 0.65
free_thresh: 0.196

